,count,mean,std,min,1%,25%,50%,75%,99%,max
loan_amnt,2260668.0,15046.931,9190.245,500.0,1525.0,8000.0,12900.0,20000.0,40000.0,40000.0
funded_amnt,2260668.0,15041.664,9188.413,500.0,1516.75,8000.0,12875.0,20000.0,40000.0,40000.0
funded_amnt_inv,2260668.0,15023.438,9192.332,0.0,1500.0,8000.0,12800.0,20000.0,40000.0,40000.0
int_rate,2260668.0,13.093,4.832,5.31,5.32,9.49,12.62,15.99,26.77,30.99
installment,2260668.0,445.807,267.174,4.93,53.46,251.65,377.99,593.32,1238.46,1719.83
annual_inc,2260664.0,77992.429,112696.2,0.0,16800.0,46000.0,65000.0,93000.0,270000.0,110000000.0
dti,2258957.0,18.824,14.183,-1.0,1.72,11.89,17.84,24.49,42.71,999.0
fico_range_low,2260668.0,698.588,33.01,610.0,660.0,675.0,690.0,715.0,805.0,845.0
fico_range_high,2260668.0,702.588,33.011,614.0,664.0,679.0,694.0,719.0,809.0,850.0
delinq_2yrs,2260639.0,0.307,0.867,0.0,0.0,0.0,0.0,0.0,4.0,58.0
inq_last_6mths,2260638.0,0.577,0.886,0.0,0.0,0.0,0.0,1.0,4.0,33.0
open_acc,2260639.0,11.612,5.641,0.0,3.0,8.0,11.0,14.0,30.0,101.0
pub_rec,2260639.0,0.198,0.571,0.0,0.0,0.0,0.0,0.0,2.0,86.0
revol_bal,2260668.0,16658.458,22948.305,0.0,126.0,5950.0,11324.0,20246.0,97929.98,2904836.0
revol_util,2258866.0,50.338,24.713,0.0,0.9,31.5,50.3,69.4,98.1,892.3
total_acc,2260639.0,24.163,11.988,1.0,5.0,15.0,22.0,31.0,60.0,176.0
total_pymnt,2260668.0,12082.557,9901.383,0.0,586.18,4546.458,9329.72,16940.869,42836.235,63296.878
total_rec_prncp,2260668.0,9505.772,8321.852,0.0,330.07,3000.0,7000.0,13899.1,35000.0,40000.0
total_rec_int,2260668.0,2431.388,2679.738,0.0,47.66,728.188,1525.94,3108.062,13090.85,28192.5
recoveries,2260668.0,143.879,748.164,0.0,0.0,0.0,0.0,0.0,3453.88,39859.55
collection_recovery_fee,2260668.0,23.983,131.226,0.0,0.0,0.0,0.0,0.0,598.5,7174.719
